10
84
52
19
9
53
10
37
58
47
9
96
86
71
25
37
49
29
3
74
0
86
37
75
18
46
49
10
88
4
15
40
45
13
28
8
56
45
63
63
51
15
85
52
6
41
59
35
100
18
78
69
72
25
76
54
53
92
61
70
65
35
68
15
86
1
35
60
52
70
21
0
97
70
77
83
41
30
0
66
79
82
74
11
57
38
3
73
39
56
57
7
77
46
100
87
1
59
54
42
38
18
51
76
92
55
16
39
45
10
52
23
33
24
97
79
19
33
92
44
77
94
20
61
23
63
52
71
38
58
46
58
57
98
54
97
55
91
59
98
16
58
80
33
38
73
18
73
76
28
51
47
64
91
51
12
38
56
81
80
33
100
35
27
84
28
61
36
15
97
36
64
57
24
2
83
1
63
60
72
57
86
29
46
67
92
41
7
58
63
71
1
37
90
98
23
59
13
90
14
76
95
38
98
75
60
73
15
42
55
65
13
87
88
38
53
12
86
87
21
5
28
27
32
34
4
10
74
45
45
25
62
90
3
85
32
20
34
55
76
26
91
71
27
89
0
15
48
45
0
85
29
5
9
27
0
27
21
40
45
20
9
8
82
20
38
90
18
63
55
72
33
46
9
68
42
5
18
4
49
5
61
36
86
76
47
65
53
80
12
55
38
14
77
13
5
14
80
27
30
46
31
49
5
24
1
79
42
55
68
24
7
48
43
86
5
70
84
28
82
77
36
38
84
45
82
50
91
21
74
91
17
36
41
17
70
73
4
9
65
73
16
61
39
32
97
3
56
87
67
98
25
85
7
57
57
65
15
58
72
37
69
4
19
47
74
14
67
26
40
7
54
35
60
65
46
67
3
58
31
88
83
44
73
17
91
18
66
80
36
91
72
18
88
30
70
86
91
27
36
23
39
29
27
56
30
32
58
72
71
44
41
2
94
12
76
34
99
76
43
91
54
5
79
49
75
75
78
85
54
2
45
26
17
34
78
98
73
66
27
23
91
83
15
82
100
75
41
51
63
53
44
76
69
15
17
76
25
33
33
97
86
19
83
62
4
94
86
21
48
50
94
49
69
30
79
12
2
7
29
77
74
13
85
27
67
36
75
14
98
66
22
38
15
17
28
87
90
84
63
